xof 0303txt 0032
template XSkinMeshHeader {
 <3cf169ce-ff7c-44ab-93c0-f78f62d172e2>
 WORD nMaxSkinWeightsPerVertex;
 WORD nMaxSkinWeightsPerFace;
 WORD nBones;
}

template VertexDuplicationIndices {
 <b8d65549-d7c9-4995-89cf-53a9a8b031e3>
 DWORD nIndices;
 DWORD nOriginalVertices;
 array DWORD indices[nIndices];
}

template SkinWeights {
 <6f0d123b-bad2-4167-a0d0-80224f25fabb>
 STRING transformNodeName;
 DWORD nWeights;
 array DWORD vertexIndices[nWeights];
 array FLOAT weights[nWeights];
 Matrix4x4 matrixOffset;
}

template AnimTicksPerSecond {
 <9e415a43-7ba6-4a73-8743-b73d47e88476>
 DWORD AnimTicksPerSecond;
}

template VertexElement {
 <f752461c-1e23-48f6-b9f8-8350850f336f>
 DWORD Type;
 DWORD Method;
 DWORD Usage;
 DWORD UsageIndex;
}

template DeclData {
 <bf22e553-292c-4781-9fea-62bd554bdd93>
 DWORD nElements;
 array VertexElement Elements[nElements];
 DWORD nDWords;
 array DWORD data[nDWords];
}


AnimTicksPerSecond {
 4800;
}

Frame Dummy01 {
 

 FrameTransformMatrix {
  1.000000,0.000000,0.000000,0.000000,0.000000,-0.000000,-1.000000,0.000000,0.000000,1.000000,-0.000000,0.000000,0.000000,0.000000,0.000000,1.000000;;
 }

 Frame Bip01 {
  

  FrameTransformMatrix {
   0.000001,0.965926,-0.258819,0.000000,-0.000000,0.258819,0.965926,0.000000,1.000000,-0.000001,0.000000,0.000000,0.000000,0.030000,0.540000,1.000000;;
  }

  Frame Bip01_Pelvis {
   

   FrameTransformMatrix {
    -0.000000,1.000000,-0.000001,0.000000,0.063244,0.000001,0.997998,0.000000,0.997998,-0.000000,-0.063244,0.000000,0.000000,0.000000,0.000000,1.000000;;
   }

   Frame Bip01_Spine {
    

    FrameTransformMatrix {
     1.000000,0.000052,0.000795,0.000000,-0.000001,0.997998,-0.063241,0.000000,-0.000796,0.063241,0.997998,0.000000,0.051633,-0.000005,-0.000085,1.000000;;
    }

    Frame Bip01_Spine1 {
     

     FrameTransformMatrix {
      0.945755,-0.083334,0.314011,0.000000,0.246060,0.814856,-0.524847,0.000000,-0.212136,0.573643,0.791159,0.000000,0.106498,-0.000049,-0.000067,1.000000;;
     }

     Frame Bip01_Neck {
      

      FrameTransformMatrix {
       1.000000,0.000000,-0.000000,0.000000,-0.000000,1.000000,0.000000,0.000000,0.000000,0.000000,1.000000,0.000000,0.130505,0.000000,0.004625,1.000000;;
      }

      Frame Bip01_Head {
       

       FrameTransformMatrix {
        0.945504,0.246478,-0.212767,0.000000,-0.083334,0.814856,0.573643,0.000000,0.314765,-0.524651,0.790989,0.000000,0.033674,0.000000,-0.000000,1.000000;;
       }

       Frame Bip01_HeadNub {
        

        FrameTransformMatrix {
         1.000000,0.000000,0.000000,0.000000,-0.000000,1.000000,-0.000000,0.000000,0.000000,0.000000,1.000000,0.000000,0.169824,0.000000,0.000000,1.000000;;
        }
       }
      }

      Frame Bip01_L_Clavicle {
       

       FrameTransformMatrix {
        -0.000000,1.000000,-0.000003,0.000000,1.000000,0.000000,-0.000796,0.000000,-0.000796,-0.000003,-1.000000,0.000000,-0.024025,0.015714,-0.004625,1.000000;;
       }

       Frame Bip01_L_UpperArm {
        

        FrameTransformMatrix {
         0.399346,-0.833022,0.382879,0.000000,0.847789,0.176578,-0.500074,0.000000,0.348965,0.524303,0.776743,0.000000,0.087086,0.000000,0.000000,1.000000;;
        }

        Frame Bip01_L_Forearm {
         

         FrameTransformMatrix {
          -0.238445,0.000000,-0.971156,0.000000,0.000000,1.000000,0.000000,0.000000,0.971156,-0.000000,-0.238445,0.000000,0.137062,-0.000000,0.000000,1.000000;;
         }

         Frame Bip01_L_Hand {
          

          FrameTransformMatrix {
           0.830301,0.000000,-0.557315,0.000000,0.557315,0.000796,0.830301,0.000000,0.000444,-1.000000,0.000661,0.000000,0.137062,0.000000,0.000000,1.000000;;
          }

          Frame Bip01_L_Finger0 {
           

           FrameTransformMatrix {
            0.690342,-0.181727,0.700288,0.000000,0.558537,0.749101,-0.356210,0.000000,-0.459853,0.637043,0.618637,0.000000,0.057681,-0.023605,-0.000272,1.000000;;
           }

           Frame Bip01_L_Finger0Nub {
            

            FrameTransformMatrix {
             1.000000,-0.000000,-0.000000,0.000000,-0.000000,1.000000,0.000000,0.000000,0.000000,0.000000,1.000000,0.000000,0.029435,0.000000,0.000000,1.000000;;
            }
           }
          }

          Frame Bip01_L_Finger1 {
           

           FrameTransformMatrix {
            0.728079,-0.000546,0.685493,0.000000,0.000000,1.000000,0.000796,0.000000,-0.685493,-0.000580,0.728079,0.000000,0.084102,0.000000,-0.000000,1.000000;;
           }

           Frame Bip01_L_Finger1Nub {
            

            FrameTransformMatrix {
             1.000000,0.000000,0.000000,0.000000,-0.000000,1.000000,-0.000000,0.000000,0.000000,-0.000000,1.000000,0.000000,0.047988,0.000000,0.000000,1.000000;;
            }
           }
          }
         }
        }
       }
      }

      Frame Bip01_R_Clavicle {
       

       FrameTransformMatrix {
        -0.000246,-0.951120,-0.308822,0.000000,-1.000000,0.000000,0.000796,0.000000,-0.000757,0.308822,-0.951120,0.000000,-0.024025,-0.015714,-0.004625,1.000000;;
       }

       Frame Bip01_R_UpperArm {
        

        FrameTransformMatrix {
         0.372018,0.869776,-0.324180,0.000000,-0.884325,0.438241,0.160979,0.000000,0.282085,0.226793,0.932198,0.000000,0.087086,0.000000,0.000000,1.000000;;
        }

        Frame Bip01_R_Forearm {
         

         FrameTransformMatrix {
          -0.592546,0.000000,-0.805537,0.000000,-0.000000,1.000000,-0.000000,0.000000,0.805537,-0.000000,-0.592546,0.000000,0.137062,0.000000,-0.000000,1.000000;;
         }

         Frame Bip01_R_Hand {
          

          FrameTransformMatrix {
           0.856378,0.308824,-0.413817,0.000000,-0.435305,0.000757,-0.900283,0.000000,-0.277716,0.951119,0.135081,0.000000,0.137062,0.000000,0.000000,1.000000;;
          }

          Frame Bip01_R_Finger0 {
           

           FrameTransformMatrix {
            0.417774,-0.116941,0.900994,0.000000,-0.558537,0.749101,0.356210,0.000000,-0.716591,-0.652053,0.247639,0.000000,0.057681,0.023605,-0.000272,1.000000;;
           }

           Frame Bip01_R_Finger0Nub {
            

            FrameTransformMatrix {
             -1.000000,0.000000,0.000000,0.000000,-0.000000,1.000000,0.000000,0.000000,0.000000,0.000000,-1.000000,0.000000,0.029435,0.000000,0.000000,1.000000;;
            }
           }
          }

          Frame Bip01_R_Finger1 {
           

           FrameTransformMatrix {
            0.352436,0.000745,0.935835,0.000000,0.000000,1.000000,-0.000796,0.000000,-0.935836,0.000281,0.352436,0.000000,0.084102,-0.000000,0.000000,1.000000;;
           }

           Frame Bip01_R_Finger1Nub {
            

            FrameTransformMatrix {
             -1.000000,0.000000,0.000000,0.000000,-0.000000,1.000000,0.000000,0.000000,-0.000000,0.000000,-1.000000,0.000000,0.047988,0.000000,0.000000,1.000000;;
            }
           }
          }
         }
        }
       }
      }
     }

     Frame Bip01_BackPack {
      

      FrameTransformMatrix {
       -0.194819,-0.162967,-0.967206,0.000000,-0.086008,0.985140,-0.148665,0.000000,0.977061,0.054224,-0.205941,0.000000,0.035864,0.002817,-0.087814,1.000000;;
      }

      Frame Bip01_BackPackNub {
       

       FrameTransformMatrix {
        0.000796,0.000003,1.000000,0.000000,-0.000000,-1.000000,0.000003,0.000000,1.000000,0.000000,-0.000796,0.000000,0.053240,0.000000,0.000000,1.000000;;
       }
      }
     }
    }

    Frame Bip01_L_Thigh {
     

     FrameTransformMatrix {
      -0.701026,0.001363,0.713135,0.000000,-0.001058,-0.999999,0.000871,0.000000,0.713135,-0.000144,0.701027,0.000000,-0.051631,0.055115,0.003618,1.000000;;
     }

     Frame Bip01_L_Calf {
      

      FrameTransformMatrix {
       0.979644,0.000000,-0.200745,0.000000,-0.000000,1.000000,0.000000,0.000000,0.200745,0.000000,0.979644,0.000000,0.237500,0.000000,0.000000,1.000000;;
      }

      Frame Bip01_L_Foot {
       

       FrameTransformMatrix {
        0.981172,0.001361,0.193131,0.000000,-0.023207,0.993561,0.110896,0.000000,-0.191736,-0.113290,0.974886,0.000000,0.206841,0.000000,-0.000000,1.000000;;
       }

       Frame Bip01_L_Toe0 {
        

        FrameTransformMatrix {
         -0.000000,0.000001,1.000000,0.000000,-0.000000,1.000000,-0.000001,0.000000,-1.000000,-0.000000,-0.000000,0.000000,0.065373,0.000000,0.066450,1.000000;;
        }

        Frame Bip01_L_Toe0Nub {
         

         FrameTransformMatrix {
          -1.000000,0.000000,0.000000,0.000000,-0.000000,1.000000,-0.000000,0.000000,-0.000000,-0.000000,-1.000000,0.000000,0.006735,-0.000000,0.000000,1.000000;;
         }
        }
       }
      }
     }
    }

    Frame Bip01_R_Thigh {
     

     FrameTransformMatrix {
      -0.996816,-0.000000,0.079738,0.000000,0.000000,-1.000000,0.000003,0.000000,0.079738,0.000003,0.996816,0.000000,-0.051636,-0.055115,-0.003367,1.000000;;
     }

     Frame Bip01_R_Calf {
      

      FrameTransformMatrix {
       0.161776,0.000000,-0.986827,0.000000,0.000000,1.000000,-0.000000,0.000000,0.986827,-0.000000,0.161776,0.000000,0.237500,-0.000000,-0.000000,1.000000;;
      }

      Frame Bip01_R_Foot {
       

       FrameTransformMatrix {
        0.955836,0.000000,-0.293901,0.000000,-0.000000,1.000000,0.000001,0.000000,0.293901,-0.000000,0.955836,0.000000,0.206841,0.000000,-0.000000,1.000000;;
       }

       Frame Bip01_R_Toe0 {
        

        FrameTransformMatrix {
         -0.000000,-0.000000,1.000000,0.000000,0.000001,1.000000,0.000000,0.000000,-1.000000,0.000001,-0.000000,0.000000,0.065373,0.000000,0.066450,1.000000;;
        }

        Frame Bip01_R_Toe0Nub {
         

         FrameTransformMatrix {
          1.000000,0.000000,0.000000,0.000000,0.000000,1.000000,0.000000,0.000000,0.000000,0.000000,1.000000,0.000000,0.006735,0.000000,0.000000,1.000000;;
         }
        }
       }
      }
     }
    }
   }

   Frame Bip01_DressFront {
    

    FrameTransformMatrix {
     -0.676291,-0.085649,0.731638,0.000000,0.214263,0.927403,0.306620,0.000000,-0.704785,0.364127,-0.608843,0.000000,-0.004466,-0.021145,0.092771,1.000000;;
    }

    Frame Bip01_DressFront02 {
     

     FrameTransformMatrix {
      0.884054,-0.048771,0.464833,0.000000,0.039282,0.998775,0.030082,0.000000,-0.465730,-0.008335,0.884887,0.000000,0.183386,0.000001,-0.000117,1.000000;;
     }

     Frame Bip01_DressFrontNub {
      

      FrameTransformMatrix {
       0.000796,0.000003,1.000000,0.000000,0.000000,-1.000000,0.000003,0.000000,1.000000,-0.000000,-0.000796,0.000000,0.165302,0.000000,0.000000,1.000000;;
      }
     }
    }
   }

   Frame Bip01_DressBack {
    

    FrameTransformMatrix {
     -0.886022,0.038029,0.462080,0.000000,0.191625,0.937561,0.290274,0.000000,-0.422190,0.345735,-0.837988,0.000000,-0.047673,-0.000048,-0.078302,1.000000;;
    }

    Frame Bip01_DressBack02 {
     

     FrameTransformMatrix {
      0.936852,0.174932,-0.302833,0.000000,-0.166408,0.984581,0.053939,0.000000,0.307600,-0.000139,0.951516,0.000000,0.176125,0.000000,-0.000103,1.000000;;
     }

     Frame Bip01_DressBackNub {
      

      FrameTransformMatrix {
       0.000796,0.000003,1.000000,0.000000,0.000000,-1.000000,0.000003,0.000000,1.000000,-0.000000,-0.000796,0.000000,0.136508,-0.000000,0.000000,1.000000;;
      }
     }
    }
   }
  }

  Frame Bip01_Prop1 {
   

   FrameTransformMatrix {
    0.241971,0.418247,-0.875511,0.000000,0.113544,0.883919,0.453645,0.000000,0.963617,-0.209178,0.166394,0.000000,0.123211,0.187176,-0.060712,1.000000;;
   }
  }

  Frame Bip01_Prop2 {
   

   FrameTransformMatrix {
    0.986990,-0.103964,0.122644,0.000000,0.135372,0.948906,-0.285047,0.000000,-0.086743,0.297941,0.950635,0.000000,0.061031,0.095187,0.102264,1.000000;;
   }
  }
 }
}

Frame Translation_Data {
 

 FrameTransformMatrix {
  1.000000,0.000000,0.000000,0.000000,0.000000,-0.000000,-1.000000,0.000000,0.000000,1.000000,-0.000000,0.000000,0.000000,0.000000,0.000000,1.000000;;
 }
}

Frame Body {
 

 FrameTransformMatrix {
  1.000000,0.000000,0.000000,0.000000,0.000000,1.000000,0.000000,0.000000,0.000000,0.000000,1.000000,0.000000,0.000000,0.000000,0.000000,1.000000;;
 }

 Mesh Body {
  617;
  0.062278;0.801610;-0.122595;,
  0.019533;0.806029;-0.139118;,
  0.036254;0.776918;-0.133546;,
  0.075628;0.787135;-0.109744;,
  0.082043;0.772316;-0.098129;,
  0.055668;0.746992;-0.126746;,
  0.069684;0.719864;-0.113414;,
  0.086939;0.743171;-0.077605;,
  -0.003210;0.837066;-0.121294;,
  0.034319;0.838524;-0.102551;,
  0.025561;0.846235;-0.071380;,
  -0.003800;0.838607;-0.081266;,
  0.085627;0.596301;-0.010616;,
  0.045926;0.598720;0.016595;,
  0.045739;0.609360;0.008201;,
  0.078224;0.605775;-0.015433;,
  0.070107;0.592531;-0.069414;,
  0.083940;0.571047;-0.045672;,
  0.040760;0.580773;-0.096569;,
  0.038359;0.530026;-0.072190;,
  0.067785;0.543104;-0.066075;,
  0.023688;0.732225;-0.147831;,
  0.026934;0.700607;-0.137467;,
  0.003969;0.595224;0.020045;,
  0.002887;0.607843;0.010745;,
  0.028351;0.718698;-0.002564;,
  -0.020087;0.711078;-0.011063;,
  -0.036424;0.749425;-0.027876;,
  0.014167;0.766243;-0.012476;,
  0.055063;0.518081;-0.084909;,
  0.058282;0.439256;-0.140342;,
  0.096206;0.422448;-0.117217;,
  0.090137;0.503475;-0.053999;,
  0.055610;0.358213;-0.189210;,
  0.084587;0.335505;-0.151095;,
  0.006630;0.515441;-0.070476;,
  0.016291;0.497189;0.049463;,
  0.017286;0.389352;-0.052338;,
  0.010669;0.427332;-0.117799;,
  0.031120;0.320243;-0.115040;,
  0.027890;0.337484;-0.153617;,
  0.085988;0.471055;-0.003748;,
  0.096793;0.391089;-0.060546;,
  0.071891;0.321724;-0.114792;,
  0.072767;0.074548;-0.243084;,
  0.028507;0.078632;-0.250111;,
  0.028311;0.054129;-0.207886;,
  0.062974;0.052270;-0.204712;,
  0.055624;0.295151;-0.189344;,
  0.052728;0.225566;-0.214651;,
  0.082133;0.212448;-0.189276;,
  0.087233;0.282478;-0.163745;,
  0.052758;0.150777;-0.240251;,
  0.071612;0.137406;-0.214191;,
  0.014008;0.270256;-0.173447;,
  0.016252;0.264201;-0.118085;,
  0.021205;0.206664;-0.149767;,
  0.023326;0.214481;-0.191821;,
  0.038352;0.138210;-0.189453;,
  0.035136;0.133931;-0.223199;,
  0.088352;0.269372;-0.116086;,
  0.083218;0.204068;-0.151668;,
  0.062512;0.141953;-0.187003;,
  0.090357;0.544406;-0.033594;,
  -0.003333;0.520203;-0.079152;,
  -0.002448;0.490498;-0.056725;,
  0.006630;0.515441;-0.070476;,
  0.095524;0.553333;0.020046;,
  0.047113;0.559086;0.046601;,
  0.087653;0.491631;0.013437;,
  0.043754;0.499410;0.040127;,
  0.037100;0.664982;0.002054;,
  0.062289;0.718041;-0.010064;,
  0.077452;0.719862;-0.023774;,
  0.086935;0.706528;-0.071989;,
  0.071647;0.651140;-0.064990;,
  0.071317;0.662215;-0.017582;,
  0.066179;0.688070;-0.109266;,
  0.054318;0.637821;-0.093043;,
  0.011233;0.678956;-0.130212;,
  0.008630;0.627349;-0.101552;,
  0.106956;0.787441;-0.074427;,
  0.054316;0.778066;-0.080496;,
  0.121776;0.772275;-0.028435;,
  0.065557;0.751679;-0.026140;,
  0.075081;0.753630;0.021645;,
  0.121433;0.767802;0.020788;,
  0.037765;0.823980;-0.044030;,
  0.046215;0.807438;0.003564;,
  0.065557;0.751679;-0.026140;,
  0.067665;0.768802;0.056334;,
  0.075081;0.753630;0.021645;,
  0.043262;0.833599;-0.041643;,
  0.087176;0.842544;-0.044079;,
  0.102461;0.828265;0.001038;,
  0.113942;0.782692;0.055634;,
  0.105367;0.814776;-0.062324;,
  0.124244;0.770414;-0.001141;,
  0.069271;0.753851;-0.003133;,
  0.090682;0.706792;-0.034898;,
  0.125019;0.719534;-0.032446;,
  0.102014;0.673238;-0.050553;,
  0.127856;0.675294;-0.055126;,
  0.069271;0.753851;-0.003133;,
  0.074952;0.726376;0.053076;,
  0.104422;0.682500;0.015052;,
  0.090682;0.706792;-0.034898;,
  0.114132;0.649929;-0.023521;,
  0.102014;0.673238;-0.050553;,
  0.129583;0.742953;0.054892;,
  0.130638;0.692688;0.016787;,
  0.132304;0.655097;-0.024117;,
  0.090721;0.636133;-0.161882;,
  0.083777;0.643660;-0.142414;,
  0.097339;0.608577;-0.112347;,
  0.104076;0.601630;-0.131777;,
  0.086229;0.663821;-0.122685;,
  0.090494;0.654588;-0.127416;,
  0.099127;0.659290;-0.132357;,
  0.091264;0.671639;-0.129730;,
  0.101673;0.627127;-0.060029;,
  0.113062;0.614653;-0.093354;,
  0.111304;0.666061;-0.105157;,
  0.092065;0.672861;-0.077006;,
  0.139061;0.632881;-0.060676;,
  0.131176;0.614879;-0.101716;,
  0.129988;0.681178;-0.077621;,
  0.129805;0.664575;-0.112371;,
  0.055706;0.851700;-0.088793;,
  0.075910;0.843900;-0.109415;,
  0.034319;0.838524;-0.102551;,
  0.045751;0.825873;-0.118738;,
  0.053155;0.774316;-0.014890;,
  0.020176;0.825478;-0.132667;,
  0.087100;0.818540;-0.116475;,
  0.062278;0.801610;-0.122595;,
  0.075628;0.787135;-0.109744;,
  0.088497;0.795594;-0.098554;,
  0.041790;0.823061;-0.038145;,
  0.000884;0.804200;-0.036201;,
  0.045583;0.826465;-0.042147;,
  -0.047645;0.779471;-0.056492;,
  -0.038363;0.815289;-0.103796;,
  0.025561;0.846235;-0.071380;,
  0.045583;0.826465;-0.042147;,
  0.067433;0.779837;-0.073723;,
  0.052395;0.815609;-0.044230;,
  0.054316;0.778066;-0.080496;,
  0.069572;0.761286;-0.037699;,
  0.079322;0.744715;-0.065481;,
  0.082043;0.772316;-0.098129;,
  0.066839;0.770712;-0.024761;,
  0.092065;0.672861;-0.077006;,
  0.001189;0.849334;-0.130964;,
  0.015997;0.843905;-0.146671;,
  -0.029627;0.829624;-0.131963;,
  -0.024954;0.848136;-0.130702;,
  0.129805;0.664575;-0.112371;,
  0.090721;0.636133;-0.161882;,
  0.104076;0.601630;-0.131777;,
  0.087373;0.670253;-0.103829;,
  0.104306;0.682404;-0.119211;,
  0.087373;0.670253;-0.103829;,
  0.098005;0.657628;-0.110490;,
  0.119940;0.666700;-0.116993;,
  0.119940;0.666700;-0.116993;,
  0.086229;0.663821;-0.122685;,
  0.091264;0.671639;-0.129730;,
  0.099127;0.659290;-0.132357;,
  0.087662;0.131128;-0.297753;,
  0.060534;0.148922;-0.334640;,
  0.062665;0.136352;-0.350027;,
  0.094005;0.115681;-0.314248;,
  0.025792;0.088556;-0.200696;,
  0.028311;0.054129;-0.207886;,
  0.028507;0.078632;-0.250111;,
  0.027431;0.101581;-0.239946;,
  0.038352;0.138210;-0.189453;,
  0.062512;0.141953;-0.187003;,
  0.067125;0.089087;-0.195571;,
  0.072767;0.074548;-0.243084;,
  0.062974;0.052270;-0.204712;,
  0.074189;0.105974;-0.227625;,
  0.052758;0.150777;-0.240251;,
  0.071612;0.137406;-0.214191;,
  0.026767;0.133145;-0.344450;,
  0.032035;0.142657;-0.329856;,
  0.094005;0.115681;-0.314248;,
  0.026767;0.133145;-0.344450;,
  0.010669;0.427332;-0.117799;,
  0.027890;0.337484;-0.153617;,
  0.014008;0.270256;-0.173447;,
  0.023326;0.214481;-0.191821;,
  0.035136;0.133931;-0.223199;,
  0.035136;0.133931;-0.223199;,
  0.000744;0.491450;-0.004833;,
  0.035033;0.837404;-0.173299;,
  0.026442;0.830534;-0.191726;,
  0.017512;0.824311;-0.188975;,
  0.014475;0.834597;-0.162699;,
  0.027334;0.860231;-0.153356;,
  0.019417;0.873455;-0.134783;,
  0.008604;0.971565;-0.208345;,
  -0.011077;0.976097;-0.209074;,
  -0.011077;0.959237;-0.233709;,
  0.022840;0.897840;-0.243136;,
  0.019172;0.927155;-0.239987;,
  0.005881;0.895632;-0.249482;,
  0.040359;0.865286;-0.174395;,
  0.032321;0.849905;-0.198559;,
  0.033464;0.850073;-0.166524;,
  0.041483;0.902741;-0.163455;,
  0.041959;0.908676;-0.187258;,
  0.041242;0.943816;-0.199481;,
  0.032577;0.936821;-0.225095;,
  0.037726;0.899683;-0.212629;,
  0.028039;0.920971;-0.129640;,
  0.038876;0.909326;-0.148217;,
  -0.011077;0.923874;-0.118812;,
  -0.011077;0.968363;-0.140034;,
  0.021779;0.964653;-0.149764;,
  0.038200;0.877545;-0.207608;,
  0.023765;0.868403;-0.229639;,
  0.022964;0.837993;-0.210475;,
  0.008425;0.811730;-0.217673;,
  -0.011077;0.806650;-0.226297;,
  -0.011077;0.808365;-0.205225;,
  0.014681;0.947763;-0.234745;,
  0.028284;0.961507;-0.206136;,
  0.036924;0.958691;-0.167877;,
  0.023390;0.974231;-0.179591;,
  -0.011077;0.983396;-0.172392;,
  0.006156;0.980780;-0.174287;,
  -0.011077;0.883975;-0.123535;,
  0.036924;0.958691;-0.167877;,
  0.023390;0.974231;-0.179591;,
  0.046616;0.867832;-0.175494;,
  0.057200;0.897820;-0.162553;,
  0.052141;0.915079;-0.173957;,
  0.045027;0.895862;-0.175678;,
  0.057200;0.897820;-0.162553;,
  0.046616;0.867832;-0.175494;,
  0.052141;0.915079;-0.173957;,
  0.041959;0.908676;-0.187258;,
  0.042465;0.883624;-0.189609;,
  0.040359;0.865286;-0.174395;,
  0.023477;0.890311;-0.233560;,
  0.042465;0.883624;-0.189609;,
  0.020176;0.825478;-0.132667;,
  0.015997;0.843905;-0.146671;,
  0.045751;0.825873;-0.118738;,
  0.027334;0.860231;-0.153356;,
  0.008621;0.779590;-0.160092;,
  0.014659;0.757368;-0.152445;,
  -0.002797;0.578271;-0.097416;,
  0.005156;0.557169;0.049628;,
  0.004964;0.523382;0.055541;,
  -0.001672;0.476857;0.023231;,
  -0.001693;0.810955;-0.184904;,
  0.000744;0.491450;-0.004833;,
  0.006156;0.980780;-0.174287;,
  -0.011077;0.983396;-0.172392;,
  0.009042;0.841912;-0.228275;,
  0.001505;0.863133;-0.238981;,
  0.001697;0.853582;-0.237589;,
  -0.011077;0.947825;-0.244185;,
  -0.011077;0.924099;-0.253376;,
  0.003797;0.888399;-0.238860;,
  -0.008311;0.660228;-0.001254;,
  0.045751;0.825873;-0.118738;,
  0.062665;0.136352;-0.350027;,
  0.008447;0.835464;-0.226933;,
  0.000780;0.832287;-0.233447;,
  0.000595;0.837628;-0.230698;,
  -0.011077;0.858629;-0.253023;,
  -0.011077;0.851779;-0.242356;,
  0.000343;0.840701;-0.236100;,
  -0.011077;0.837839;-0.231258;,
  -0.011077;0.830205;-0.235874;,
  -0.011077;0.893424;-0.255828;,
  -0.011077;0.884809;-0.250424;,
  0.052395;0.815609;-0.044230;,
  -0.011077;0.840160;-0.239796;,
  0.053484;0.787322;-0.065169;,
  0.067433;0.779837;-0.073723;,
  0.082043;0.772316;-0.098129;,
  0.038876;0.909326;-0.148217;,
  0.055624;0.295151;-0.189344;,
  -0.003866;0.308379;-0.210856;,
  0.007206;0.233937;-0.228227;,
  0.052728;0.225566;-0.214651;,
  0.055610;0.358213;-0.189210;,
  -0.000314;0.362436;-0.203531;,
  0.058282;0.439256;-0.140342;,
  -0.005688;0.440249;-0.151520;,
  0.055063;0.518081;-0.084909;,
  -0.003513;0.517864;-0.108134;,
  0.038359;0.530026;-0.072190;,
  0.007993;0.164709;-0.247476;,
  0.052758;0.150777;-0.240251;,
  0.028146;0.194428;-0.123225;,
  0.030330;0.130074;-0.150836;,
  0.021939;0.199590;-0.026210;,
  0.017732;0.251284;-0.012158;,
  0.012287;0.302688;-0.002666;,
  0.020634;0.257262;-0.105967;,
  0.012166;0.345690;0.018461;,
  0.023901;0.305852;-0.088308;,
  0.016135;0.382478;-0.039096;,
  0.004114;0.418302;0.032296;,
  0.005926;0.496036;0.055801;,
  0.053484;0.787322;-0.065169;,
  -0.059431;0.753664;-0.176785;,
  -0.063683;0.730781;-0.173995;,
  -0.017979;0.752035;-0.163028;,
  -0.026209;0.785042;-0.163985;,
  -0.056567;0.710171;-0.173388;,
  -0.068172;0.690303;-0.140246;,
  -0.022730;0.688365;-0.150735;,
  -0.011021;0.716394;-0.163000;,
  -0.050528;0.815356;-0.147018;,
  -0.080171;0.803567;-0.122784;,
  -0.101261;0.789138;-0.135914;,
  -0.079832;0.793968;-0.150327;,
  -0.080738;0.599031;-0.000433;,
  -0.074669;0.607780;-0.007949;,
  -0.039952;0.610484;0.012395;,
  -0.037957;0.600096;0.021730;,
  -0.072211;0.594398;-0.062447;,
  -0.084165;0.573804;-0.035382;,
  -0.045980;0.581910;-0.092323;,
  -0.071372;0.543323;-0.058833;,
  -0.043523;0.531369;-0.067177;,
  0.002887;0.607843;0.010745;,
  0.003969;0.595224;0.020045;,
  -0.066127;0.699237;-0.025625;,
  -0.083351;0.733006;-0.051859;,
  -0.036424;0.749425;-0.027876;,
  -0.020087;0.711078;-0.011063;,
  -0.056048;0.492491;-0.059839;,
  -0.090177;0.498164;-0.022897;,
  -0.096012;0.397789;-0.013566;,
  -0.058096;0.395393;-0.042064;,
  -0.084266;0.309607;0.016388;,
  -0.055295;0.287109;-0.010711;,
  -0.006578;0.498791;-0.039189;,
  -0.010481;0.401211;-0.017238;,
  -0.017088;0.415377;0.057106;,
  -0.007871;0.497585;0.050942;,
  -0.027570;0.308286;0.014195;,
  -0.030800;0.332596;0.037305;,
  -0.096592;0.411209;0.049797;,
  -0.083806;0.493302;0.038599;,
  -0.071572;0.333143;0.036294;,
  -0.073471;0.342471;0.283405;,
  -0.068762;0.385424;0.269351;,
  -0.033905;0.385670;0.269246;,
  -0.028576;0.339551;0.284344;,
  -0.055231;0.287308;0.065565;,
  -0.086839;0.315696;0.068748;,
  -0.081637;0.315692;0.143280;,
  -0.052234;0.287361;0.139605;,
  -0.071257;0.316800;0.221302;,
  -0.051262;0.289083;0.222470;,
  -0.013592;0.310773;0.083454;,
  -0.022830;0.312610;0.142162;,
  -0.020724;0.354799;0.135101;,
  -0.015860;0.364862;0.070187;,
  -0.034670;0.315525;0.227671;,
  -0.038816;0.339200;0.208607;,
  -0.082732;0.353895;0.138276;,
  -0.087967;0.364961;0.064742;,
  -0.063012;0.338275;0.204277;,
  -0.089929;0.547363;-0.022558;,
  -0.006578;0.498791;-0.039189;,
  -0.036772;0.560462;0.051736;,
  -0.088221;0.556347;0.031293;,
  -0.036960;0.516008;0.058822;,
  -0.083392;0.507339;0.040238;,
  -0.053106;0.655550;-0.008725;,
  -0.089671;0.686737;-0.047155;,
  -0.095354;0.684264;-0.065954;,
  -0.079664;0.646429;-0.035622;,
  -0.064862;0.636867;-0.081301;,
  -0.074121;0.673349;-0.111301;,
  -0.038612;0.628105;-0.104147;,
  -0.032550;0.667732;-0.133365;,
  -0.111367;0.724597;-0.187964;,
  -0.127833;0.677016;-0.182502;,
  -0.065504;0.731140;-0.160589;,
  -0.143468;0.634470;-0.155593;,
  -0.101962;0.631888;-0.130764;,
  -0.075276;0.670779;-0.154416;,
  -0.093167;0.731485;-0.106308;,
  -0.075276;0.670779;-0.154416;,
  -0.104694;0.682694;-0.096467;,
  -0.101962;0.631888;-0.130764;,
  -0.111481;0.613600;-0.108418;,
  -0.103766;0.734502;-0.103665;,
  -0.157337;0.689248;-0.124567;,
  -0.140278;0.735673;-0.129739;,
  -0.152769;0.615899;-0.133334;,
  -0.130721;0.731308;-0.166133;,
  -0.144156;0.661673;-0.159742;,
  -0.103705;0.679241;-0.200046;,
  -0.070804;0.680479;-0.183815;,
  -0.094513;0.662740;-0.130850;,
  -0.070613;0.690298;-0.235881;,
  -0.053171;0.686319;-0.217097;,
  -0.094513;0.662740;-0.130850;,
  -0.070804;0.680479;-0.183815;,
  -0.069869;0.625333;-0.199046;,
  -0.086891;0.601610;-0.140591;,
  -0.053171;0.686319;-0.217097;,
  -0.049271;0.652531;-0.234719;,
  -0.095298;0.624634;-0.211169;,
  -0.136242;0.600813;-0.169316;,
  -0.063739;0.654719;-0.245510;,
  0.028148;0.750131;-0.229880;,
  0.028706;0.713777;-0.260753;,
  0.011714;0.701576;-0.254962;,
  0.010765;0.738165;-0.223672;,
  -0.004377;0.728037;-0.218642;,
  -0.004815;0.739656;-0.217691;,
  0.000016;0.737670;-0.231618;,
  0.002028;0.727535;-0.227836;,
  -0.015742;0.672267;-0.241814;,
  -0.035719;0.706838;-0.212184;,
  -0.028413;0.731018;-0.236076;,
  0.002143;0.697382;-0.262913;,
  -0.003903;0.707211;-0.279190;,
  -0.039496;0.680349;-0.270131;,
  -0.061608;0.716132;-0.239590;,
  -0.033957;0.739104;-0.253408;,
  -0.107662;0.792930;-0.152936;,
  -0.103507;0.779756;-0.179441;,
  -0.068098;0.781773;-0.168282;,
  -0.079832;0.793968;-0.150327;,
  -0.107351;0.719610;-0.079709;,
  -0.042927;0.796524;-0.166972;,
  -0.092742;0.755996;-0.186783;,
  -0.091978;0.737657;-0.175116;,
  -0.063683;0.730781;-0.173995;,
  -0.059431;0.753664;-0.176785;,
  -0.115236;0.747983;-0.120327;,
  -0.115701;0.749426;-0.126023;,
  -0.093277;0.760997;-0.087390;,
  -0.047645;0.779471;-0.056492;,
  -0.038363;0.815289;-0.103796;,
  -0.101261;0.789138;-0.135914;,
  -0.115701;0.749426;-0.126023;,
  -0.075373;0.717321;-0.146946;,
  -0.065504;0.731140;-0.160589;,
  -0.110188;0.740638;-0.127140;,
  -0.072994;0.692800;-0.126993;,
  -0.094594;0.705332;-0.103996;,
  -0.056567;0.710171;-0.173388;,
  -0.106483;0.711637;-0.094756;,
  -0.035719;0.706838;-0.212184;,
  -0.047239;0.829427;-0.163825;,
  -0.045594;0.838624;-0.143654;,
  -0.024954;0.848136;-0.130702;,
  -0.029627;0.829624;-0.131963;,
  -0.033957;0.739104;-0.253408;,
  0.028148;0.750131;-0.229880;,
  0.028706;0.713777;-0.260753;,
  -0.023512;0.745731;-0.220877;,
  -0.022525;0.720467;-0.215243;,
  -0.022525;0.720467;-0.215243;,
  -0.015581;0.722213;-0.231538;,
  -0.023961;0.742380;-0.242889;,
  -0.023961;0.742380;-0.242889;,
  -0.004815;0.739656;-0.217691;,
  -0.004377;0.728037;-0.218642;,
  0.000016;0.737670;-0.231618;,
  -0.079712;0.262717;0.286896;,
  -0.085272;0.262618;0.309699;,
  -0.049458;0.226992;0.321438;,
  -0.048137;0.228045;0.301526;,
  -0.030159;0.365110;0.240847;,
  -0.027204;0.329329;0.261436;,
  -0.028576;0.339551;0.284344;,
  -0.033905;0.385670;0.269246;,
  -0.038816;0.339200;0.208607;,
  -0.071699;0.363659;0.238143;,
  -0.063012;0.338275;0.204277;,
  -0.073471;0.342471;0.283405;,
  -0.074621;0.329179;0.250992;,
  -0.068762;0.385424;0.269351;,
  -0.051262;0.289083;0.222470;,
  -0.071257;0.316800;0.221302;,
  -0.020645;0.238923;0.301133;,
  -0.014518;0.236916;0.318152;,
  -0.014518;0.236916;0.318152;,
  -0.085272;0.262618;0.309699;,
  -0.010481;0.401211;-0.017238;,
  -0.027570;0.308286;0.014195;,
  -0.013592;0.310773;0.083454;,
  -0.022830;0.312610;0.142162;,
  -0.034670;0.315525;0.227671;,
  -0.034670;0.315525;0.227671;,
  -0.057187;0.837404;-0.173299;,
  -0.034510;0.823383;-0.175986;,
  -0.039666;0.824311;-0.188975;,
  -0.048596;0.830534;-0.191726;,
  -0.049488;0.860231;-0.153356;,
  -0.041572;0.873455;-0.134783;,
  -0.030758;0.971565;-0.208345;,
  -0.011077;0.976097;-0.209074;,
  -0.044994;0.897840;-0.243136;,
  -0.028035;0.895632;-0.249482;,
  -0.041326;0.927155;-0.239987;,
  -0.054475;0.849905;-0.198559;,
  -0.062513;0.865286;-0.174395;,
  -0.055619;0.850073;-0.166524;,
  -0.063637;0.902741;-0.163455;,
  -0.064113;0.908676;-0.187258;,
  -0.059880;0.899683;-0.212629;,
  -0.054731;0.936821;-0.225095;,
  -0.063397;0.943816;-0.199481;,
  -0.061030;0.909327;-0.148217;,
  -0.050193;0.920972;-0.129640;,
  -0.011077;0.923874;-0.118812;,
  -0.043933;0.964654;-0.149764;,
  -0.011077;0.968363;-0.140034;,
  -0.060354;0.877545;-0.207608;,
  -0.045119;0.837993;-0.210475;,
  -0.045919;0.868403;-0.229639;,
  -0.030579;0.811730;-0.217673;,
  -0.036835;0.947763;-0.234745;,
  -0.050438;0.961507;-0.206136;,
  -0.045544;0.974232;-0.179591;,
  -0.059078;0.958692;-0.167877;,
  -0.028311;0.980780;-0.174287;,
  -0.011077;0.983396;-0.172392;,
  -0.011077;0.883975;-0.123535;,
  -0.059078;0.958692;-0.167877;,
  -0.045544;0.974232;-0.179591;,
  -0.068770;0.867832;-0.175494;,
  -0.067181;0.895862;-0.175678;,
  -0.074295;0.915080;-0.173957;,
  -0.079354;0.897821;-0.162553;,
  -0.068770;0.867832;-0.175494;,
  -0.079354;0.897821;-0.162553;,
  -0.074295;0.915080;-0.173957;,
  -0.064113;0.908676;-0.187258;,
  -0.064619;0.883624;-0.189609;,
  -0.062513;0.865286;-0.174395;,
  -0.045631;0.890311;-0.233560;,
  -0.064619;0.883624;-0.189609;,
  -0.047239;0.829427;-0.163825;,
  -0.042927;0.796524;-0.166972;,
  -0.068098;0.781773;-0.168282;,
  -0.049488;0.860231;-0.153356;,
  0.005156;0.557169;0.049628;,
  0.004964;0.523382;0.055541;,
  -0.001672;0.476857;0.023231;,
  0.000744;0.491450;-0.004833;,
  -0.028311;0.980780;-0.174287;,
  -0.011077;0.983396;-0.172392;,
  -0.031196;0.841912;-0.228275;,
  -0.023851;0.853582;-0.237589;,
  -0.023659;0.863133;-0.238981;,
  -0.025952;0.888399;-0.238860;,
  -0.008311;0.660228;-0.001254;,
  -0.068098;0.781773;-0.168282;,
  -0.049458;0.226992;0.321438;,
  -0.022934;0.832287;-0.233447;,
  -0.030601;0.835464;-0.226933;,
  -0.022750;0.837628;-0.230698;,
  -0.022497;0.840701;-0.236100;,
  -0.110188;0.740638;-0.127140;,
  -0.079897;0.727415;-0.133991;,
  -0.075373;0.717321;-0.146946;,
  -0.056567;0.710171;-0.173388;,
  -0.061030;0.909327;-0.148217;,
  -0.037992;0.279974;-0.066114;,
  -0.042596;0.241140;-0.026699;,
  -0.027845;0.234704;-0.160944;,
  -0.028809;0.299275;-0.162244;,
  -0.040561;0.318726;-0.095685;,
  -0.031457;0.350960;-0.171739;,
  -0.025854;0.410328;-0.091340;,
  -0.023847;0.426451;-0.137051;,
  -0.018637;0.493534;-0.086835;,
  -0.017731;0.502759;-0.106599;,
  -0.003333;0.520203;-0.079152;,
  -0.043523;0.531369;-0.067177;,
  -0.042180;0.202508;0.006837;,
  -0.028047;0.179563;-0.162860;,
  -0.014586;0.353489;0.189973;,
  -0.062998;0.338277;0.204276;,
  -0.082732;0.353895;0.138276;,
  -0.019343;0.361329;0.125858;,
  -0.087967;0.364961;0.064742;,
  -0.023881;0.379401;0.075182;,
  -0.023715;0.352638;0.055296;,
  -0.071572;0.333143;0.036294;,
  -0.096592;0.411209;0.049797;,
  -0.015752;0.418554;0.074269;,
  0.004964;0.523382;0.055540;,
  -0.036960;0.516008;0.058822;,
  -0.079897;0.727415;-0.133991;,
  -0.056048;0.492491;-0.059839;,
  -0.058096;0.395393;-0.042064;,
  -0.055295;0.287109;-0.010711;,
  -0.055231;0.287308;0.065565;,
  -0.052234;0.287361;0.139605;,
  -0.051262;0.289083;0.222470;,
  0.096793;0.391089;-0.060546;,
  0.043754;0.499410;0.040127;,
  0.085988;0.471055;-0.003748;,
  0.071891;0.321724;-0.114792;,
  0.088352;0.269372;-0.116086;,
  0.083218;0.204068;-0.151668;,
  0.062512;0.141953;-0.187003;,
  -0.083806;0.493302;0.038599;;
  916;
  3;0,2,1;,
  3;2,0,3;,
  3;4,6,5;,
  3;6,4,7;,
  3;8,10,9;,
  3;10,8,11;,
  3;12,14,13;,
  3;14,12,15;,
  3;16,12,17;,
  3;12,16,15;,
  3;18,20,19;,
  3;20,18,16;,
  3;5,22,21;,
  3;22,5,6;,
  3;13,24,23;,
  3;24,13,14;,
  3;25,27,26;,
  3;27,25,28;,
  3;29,31,30;,
  3;31,29,32;,
  3;31,33,30;,
  3;33,31,34;,
  3;35,37,36;,
  3;37,35,38;,
  3;38,39,37;,
  3;39,38,40;,
  3;36,42,41;,
  3;42,36,37;,
  3;37,43,42;,
  3;43,37,39;,
  3;41,31,32;,
  3;31,41,42;,
  3;42,34,31;,
  3;34,42,43;,
  3;44,46,45;,
  3;46,44,47;,
  3;48,50,49;,
  3;50,48,51;,
  3;49,53,52;,
  3;53,49,50;,
  3;54,56,55;,
  3;56,54,57;,
  3;57,58,56;,
  3;58,57,59;,
  3;55,61,60;,
  3;61,55,56;,
  3;56,62,61;,
  3;62,56,58;,
  3;60,50,51;,
  3;50,60,61;,
  3;61,53,50;,
  3;53,61,62;,
  3;32,20,63;,
  3;20,32,29;,
  3;64,66,65;,
  3;66,64,19;,
  3;13,67,12;,
  3;67,13,68;,
  3;68,69,67;,
  3;69,68,70;,
  3;70,41,69;,
  3;41,70,36;,
  3;48,34,51;,
  3;34,48,33;,
  3;51,43,60;,
  3;43,51,34;,
  3;43,55,60;,
  3;55,43,39;,
  3;39,54,55;,
  3;54,39,40;,
  3;12,63,17;,
  3;63,12,67;,
  3;67,32,63;,
  3;32,67,69;,
  3;69,41,32;,
  3;71,72,25;,
  3;73,75,74;,
  3;75,73,76;,
  3;75,77,74;,
  3;77,75,78;,
  3;79,78,80;,
  3;78,79,77;,
  3;81,83,82;,
  3;83,85,84;,
  3;85,83,86;,
  3;87,89,88;,
  3;89,90,88;,
  3;90,89,91;,
  3;92,94,93;,
  3;92,88,94;,
  3;92,87,88;,
  3;88,95,94;,
  3;95,88,90;,
  3;96,94,83;,
  3;94,86,83;,
  3;86,94,95;,
  3;97,99,98;,
  3;99,97,100;,
  3;100,101,99;,
  3;101,100,102;,
  3;103,105,104;,
  3;105,103,106;,
  3;106,107,105;,
  3;107,106,108;,
  3;104,110,109;,
  3;110,104,105;,
  3;105,111,110;,
  3;111,105,107;,
  3;109,100,97;,
  3;100,109,110;,
  3;110,102,100;,
  3;102,110,111;,
  3;112,114,113;,
  3;114,112,115;,
  3;116,118,117;,
  3;118,116,119;,
  3;120,122,121;,
  3;122,120,123;,
  3;120,125,124;,
  3;125,120,121;,
  3;126,125,127;,
  3;125,126,124;,
  3;95,97,86;,
  3;97,95,109;,
  3;86,98,85;,
  3;98,86,97;,
  3;90,103,104;,
  3;103,90,91;,
  3;104,95,90;,
  3;95,104,109;,
  3;128,96,129;,
  3;96,128,93;,
  3;129,130,128;,
  3;130,129,131;,
  3;72,28,25;,
  3;28,72,132;,
  3;9,133,8;,
  3;134,136,135;,
  3;136,134,137;,
  3;81,137,134;,
  3;138,11,139;,
  3;138,10,11;,
  3;138,140,10;,
  3;141,11,142;,
  3;11,141,139;,
  3;128,130,143;,
  3;93,144,92;,
  3;93,143,144;,
  3;93,128,143;,
  3;145,87,146;,
  3;87,145,147;,
  3;74,148,73;,
  3;148,74,149;,
  3;150,147,145;,
  3;7,149,74;,
  3;148,151,73;,
  3;102,152,101;,
  3;152,102,126;,
  3;102,124,126;,
  3;124,102,111;,
  3;111,120,124;,
  3;120,111,107;,
  3;120,108,123;,
  3;108,120,107;,
  3;8,154,153;,
  3;154,8,133;,
  3;153,155,8;,
  3;155,153,156;,
  3;121,113,114;,
  3;113,121,122;,
  3;122,112,113;,
  3;112,122,157;,
  3;158,125,159;,
  3;125,158,127;,
  3;159,121,114;,
  3;121,159,125;,
  3;126,160,152;,
  3;160,126,161;,
  3;162,122,123;,
  3;122,162,163;,
  3;122,164,157;,
  3;164,122,163;,
  3;165,126,127;,
  3;126,165,161;,
  3;161,166,160;,
  3;166,161,167;,
  3;162,117,163;,
  3;117,162,116;,
  3;163,118,164;,
  3;118,163,117;,
  3;165,167,161;,
  3;167,165,168;,
  3;169,171,170;,
  3;171,169,172;,
  3;173,175,174;,
  3;175,173,176;,
  3;177,179,178;,
  3;179,177,173;,
  3;180,179,181;,
  3;179,180,182;,
  3;183,169,170;,
  3;169,183,184;,
  3;175,186,185;,
  3;186,175,176;,
  3;45,187,44;,
  3;187,45,188;,
  3;180,169,182;,
  3;169,180,172;,
  3;19,29,66;,
  3;20,29,19;,
  3;29,30,189;,
  3;30,190,189;,
  3;190,30,33;,
  3;33,191,190;,
  3;191,33,48;,
  3;191,49,192;,
  3;49,191,48;,
  3;192,52,193;,
  3;52,192,49;,
  3;194,170,186;,
  3;170,194,183;,
  3;170,185,186;,
  3;185,170,171;,
  3;186,176,194;,
  3;194,173,177;,
  3;173,194,176;,
  3;179,174,181;,
  3;174,179,173;,
  3;178,182,184;,
  3;182,178,179;,
  3;182,169,184;,
  3;16,17,20;,
  3;17,63,20;,
  3;66,195,65;,
  3;196,198,197;,
  3;198,196,199;,
  3;200,153,154;,
  3;153,200,201;,
  3;202,204,203;,
  3;205,207,206;,
  3;196,209,208;,
  3;209,196,197;,
  3;210,208,211;,
  3;208,210,196;,
  3;212,214,213;,
  3;214,212,215;,
  3;212,213,211;,
  3;201,217,216;,
  3;217,201,200;,
  3;218,220,219;,
  3;220,218,216;,
  3;210,199,196;,
  3;214,205,206;,
  3;221,223,222;,
  3;197,198,224;,
  3;224,226,225;,
  3;226,224,198;,
  3;227,214,206;,
  3;228,229,213;,
  3;229,228,230;,
  3;219,232,231;,
  3;214,228,213;,
  3;156,201,233;,
  3;201,156,153;,
  3;233,216,218;,
  3;216,233,201;,
  3;220,216,234;,
  3;235,220,234;,
  3;236,238,237;,
  3;238,236,239;,
  3;208,240,211;,
  3;240,208,241;,
  3;211,242,212;,
  3;242,211,240;,
  3;243,239,244;,
  3;239,243,238;,
  3;244,236,245;,
  3;236,244,239;,
  3;246,221,222;,
  3;221,246,215;,
  3;221,212,247;,
  3;212,221,215;,
  3;199,248,1;,
  3;248,199,249;,
  3;133,9,250;,
  3;249,210,251;,
  3;210,249,199;,
  3;210,211,251;,
  3;252,2,253;,
  3;2,252,1;,
  3;19,254,18;,
  3;254,19,64;,
  3;23,68,13;,
  3;68,23,255;,
  3;68,256,70;,
  3;256,68,255;,
  3;256,36,70;,
  3;36,256,257;,
  3;258,1,252;,
  3;1,258,199;,
  3;257,259,36;,
  3;36,259,35;,
  3;260,203,261;,
  3;203,260,202;,
  3;262,263,222;,
  3;263,262,264;,
  3;198,258,226;,
  3;258,198,199;,
  3;265,204,227;,
  3;265,206,266;,
  3;206,265,227;,
  3;222,267,246;,
  3;267,222,263;,
  3;89,87,147;,
  3;82,83,84;,
  3;78,16,18;,
  3;16,78,75;,
  3;75,15,16;,
  3;15,75,76;,
  3;15,71,14;,
  3;71,15,76;,
  3;14,268,24;,
  3;268,14,71;,
  3;248,269,1;,
  3;1,269,0;,
  3;135,129,134;,
  3;129,135,131;,
  3;134,96,81;,
  3;96,134,129;,
  3;96,83,81;,
  3;94,96,93;,
  3;29,189,66;,
  3;205,215,246;,
  3;267,205,246;,
  3;205,267,207;,
  3;205,214,215;,
  3;187,188,270;,
  3;224,272,271;,
  3;223,221,209;,
  3;224,223,197;,
  3;271,273,262;,
  3;273,271,272;,
  3;263,275,274;,
  3;273,276,262;,
  3;277,272,278;,
  3;272,277,273;,
  3;223,271,262;,
  3;271,223,224;,
  3;223,209,197;,
  3;208,221,247;,
  3;221,208,209;,
  3;222,223,262;,
  3;266,207,279;,
  3;207,266,206;,
  3;207,280,279;,
  3;280,207,267;,
  3;280,263,274;,
  3;263,280,267;,
  3;264,262,276;,
  3;76,73,72;,
  3;138,281,140;,
  3;73,132,72;,
  3;132,73,151;,
  3;72,71,76;,
  3;272,225,278;,
  3;155,11,8;,
  3;276,277,282;,
  3;277,276,273;,
  3;275,276,282;,
  3;276,275,264;,
  3;28,141,27;,
  3;141,28,139;,
  3;139,132,138;,
  3;132,139,28;,
  3;132,281,138;,
  3;281,132,151;,
  3;281,148,283;,
  3;148,281,151;,
  3;283,149,284;,
  3;149,283,148;,
  3;7,284,149;,
  3;284,7,4;,
  3;6,79,22;,
  3;79,6,77;,
  3;77,7,74;,
  3;7,77,6;,
  3;5,3,4;,
  3;3,5,2;,
  3;285,137,82;,
  3;137,285,136;,
  3;137,81,82;,
  3;92,146,87;,
  3;146,92,144;,
  3;2,21,253;,
  3;21,2,5;,
  3;286,213,229;,
  3;251,211,286;,
  3;213,286,211;,
  3;234,216,217;,
  3;227,202,228;,
  3;202,230,228;,
  3;230,202,260;,
  3;232,220,235;,
  3;228,214,227;,
  3;26,71,25;,
  3;71,26,268;,
  3;155,142,11;,
  3;18,80,78;,
  3;80,18,254;,
  3;272,224,225;,
  3;275,263,264;,
  3;202,227,204;,
  3;232,219,220;,
  3;287,289,288;,
  3;289,287,290;,
  3;291,288,292;,
  3;288,291,287;,
  3;293,292,294;,
  3;292,293,291;,
  3;295,294,296;,
  3;294,295,293;,
  3;296,297,295;,
  3;298,290,299;,
  3;290,298,289;,
  3;300,302,301;,
  3;302,300,303;,
  3;304,300,305;,
  3;300,304,303;,
  3;306,305,307;,
  3;305,306,304;,
  3;308,306,307;,
  3;306,308,309;,
  3;308,310,309;,
  3;145,146,311;,
  3;312,314,313;,
  3;314,312,315;,
  3;316,318,317;,
  3;318,316,319;,
  3;320,322,321;,
  3;322,320,323;,
  3;324,326,325;,
  3;326,324,327;,
  3;328,324,325;,
  3;324,328,329;,
  3;330,331,328;,
  3;331,330,332;,
  3;319,22,318;,
  3;22,319,21;,
  3;327,333,326;,
  3;333,327,334;,
  3;335,337,336;,
  3;337,335,338;,
  3;339,341,340;,
  3;341,339,342;,
  3;341,344,343;,
  3;344,341,342;,
  3;345,347,346;,
  3;347,345,348;,
  3;346,350,349;,
  3;350,346,347;,
  3;348,351,347;,
  3;351,348,352;,
  3;347,353,350;,
  3;353,347,351;,
  3;352,341,351;,
  3;341,352,340;,
  3;351,343,353;,
  3;343,351,341;,
